100005663
200010454
200102005
200100005
200098001
200102004
200214384
200096003
200098004
200112007
200102006
200100004
200102007
1204
200196001
200010436
1221
200110012
200215446
100005452
100005451
200110004
100005453
100005450
100005448
100005455
100006676
13003
13004
200003862
100006795
100006796
200010440
200010441
200010442
100005838
200010443
200217824
200217951
100005440
100005767
100005438
200003860
200003861
200010427
200010432
100006787
100006785
100005441
100005435
200010429
200010430
200010426
200214082
200100001
200215442
200215441
200215579
200217943
200214496
200005191
200005189
200215171
200215177
200005185
200215176
100005975
200003561
100005477
100005474
200003560
100005280
100006637
2027
2008
100006776
100006778
200005110
200005115
100005768
200098003
2049
100005582
2048
200010465
200010458
100005332
100005333
100005331
200005122
200010444
100006657
1225
200100002
200005161
200005163
100006138
100005480
100005482
100006793
200005164
100006132
100005601
200005147
200603
200005144
100005630
100005461
100005463
100005469
100005468
100005669
100005464
100006136
2002
200005105
100006786
180601
100005648
1809
180605
100006139
100005668
2039
200010428
200010450
200217641
200217642
100005330
200217646
200217640
200217623
200217637
200217636
200217622
200217625
200217647
200010191
200005149
200005104
200218036
200218033
200218028
200005125
200110011
200122001
200010453
200110010
200218031
200122004
200005162
200005158
200217990
200005168
200112005
200005124
200005172
200005146
200005167
200005157
200218018
200110009
200005171
200005123
200005103
200005160
200218032
200005126
200005148
200124001
200005145
200110008
200122003
122208
122207
122203
122201
122210
122205
122204
122209
200110002
100003392
100003394
122202
100006169
122206
100003391
100003381
200106002
200003757
200215447
200106003
200108003
200215444
100003393
200108002
200215443
200110001
200108001
200215451
200215445
122803
200214477
100006166
100002927
100003533
200010434
200118005
122802
200010435
100002928
200215457
200110003
200215449
200215448
200215456
200005098
200005293
200005096
200005093
200005088
200005095
200005100
200010433
200005099
100003417
100003419
200005078
200005079
200005080
200005084
200010431
200005083
200005082
100005590
200005187
200010463
100005589
100005588
100005504
200010464
200010462
200005186
200215181
100005416
100005413
200003721
200217042
100005418
100005411
200112003
100005427
100005422
100005423
100005421
200112002
200110006
100005402
200110005
100005403
100005390
100005389
200112001
100005399
100005393
200003564
200003565
200003566
200003567
15370706
200003568
200118002
200116003
200003548
100005932
200003526
200003539
200003540
100005281
200003544
200003527
200003545
200003529
200003538
100005620
200003547
200003534
200003525
200003532
200003535
200003536
200003542
200003543
200003531
200003537
200003549
200003533
200003530
200003550
200003528
200003541
200005108
100005936
100006764
200005107
100006792
100005937
200005106
200005116
200005117
200005118
200003512
200005119
200003519
200003514
200003520
200003521
200003516
200003515
200003522
200005114
200005113
300601
300603
300602
200005066
200005064
200005063
200005072
100005834
200010418
200005069
200010421
200098002
200005070
200096002
200005077
100005835
200005075
2042
100006769
100005841
100005840
200005131
100006794
200005155
200003896
200005153
200005151
200110013
100006142
200005178
200005290
200005292
200005175
100005649
200005180
200005183
200005181
100005638
100005378
100005381
200010445
100005336
100005339
200100003
200214251
200005137
100005573
200010446
100005570
200005139
200005134
200010447
200005140
200005138
200005136
200005135
100006140
100005327
100005326
100005328
100005518
100006791
100005524
100005523
100005506
200005094
100006789
100005933
100006790
200010448
200010420
200005091
200010425
200005165
200005097
200005120
200005177
200005169
200005141
200005182
200005154
200010437
200010416
200005089
200010424
200010451
200005121
200010457
200005092
200005166
100005499
200010452
100006386
100005489
100005484
202104
100005485
100005304
100005313
100005315
100005309
100006145
200004642
100005375
100005374
100005376
100005667
100005621
100005616
100005614
100005615
200010460
100005587
200010461
200005188
200217639
100005586
100005583
100005651
