3712
37013006
37013001
200216516
100001170
37013005
100001173
37013004
100001242
100001240
100001244
200216351
200216356
100001243
100001241
200216361
200216347
370120
370230
370250
370220
200216371
200216376
200216381
100001152
100001154
200216367
100001153
100001155
370803
370802
37042003
100001145
370410
100002969
37042001
100002970
37042002
37042006
37042007
37042005
200217307
200218648
37034009
37034007
37034010
37034008
37034004
37034001
37034006
37034012
200216427
37034005
37034011
37034002
200217964
100002962
37034003
200217968
37032004
37032003
37032001
37032005
37032006
37033002
37033004
37033003
37033001
200216231
200216442
200216424
100001180
100001183
100001185
100001181
100001184
100001165
100001167
100001166
100001168
100001163
100001164
100001190
100001188
100001187
100001189
100001177
100001176
100001178
