100001663
100001669
200002644
2628
200002646
200002645
2605
200002626
200002627
200002651
200002640
200002641
200002648
200002649
200002650
200002655
200002656
200002658
200002652
200003228
200002654
200002657
200218231
100001670
100001655
100001667
100001657
2630
200004596
2632
100006010
100001656
2621
100001650
100001648
2625
100001652
100006009
200218627
200218634
200218652
200218656
100001682
100001638
100001639
2615
2607
200002647
2623
100001640
100001654
100001641
200218339
2622
200002635
200218362
200218363
200218364
205202001
100001632
100001634
200218432
200218458
205144012
2601
200002628
200002631
200002632
2629
200002664
200002638
200002659
200002660
200002637
100006011
200216941
200218347
200216946
200218345
200218276
200217921
200218260
200218273
200218278
200218277
200218270
200218272
200218271
200218258
200218310
200218337
200218352
200218351
200218356
200218353
200218414
200218413
200218369
200218371
200218376
200218368
200218381
200218370
200218373
200218372
200218410
200218409
201916004
100001646
100001644
100001645
100001643
200218299
200218419
200218301
200218412
200218306
200218292
200218452
200218460
200218445
200218466
200218459
200218461
100003821
100001675
200218375
200218383
200218391
200218377
200218384
200218379
200218385
