2202
211108
100003838
2137
100003837
200003327
200003241
150415
200003243
2131
2132
200003250
2133
211114
100003787
21110601
21110603
21110602
2126
21110604
21110605
100003788
211110
100003796
100003795
100003800
100003791
100003802
100003797
100003794
100003801
100003808
100003790
100003798
2138
100008562
211112
211103
211105
211104
21200204
200003341
2125
2129
211101
2128
200003239
2124
200003240
2114
2127
21111108
21111109
21111110
200217978
21111101
21111107
21111106
21111111
21111102
100003844
100003845
2110
211203
100003755
211205
211202
211206
211204
100003761
100003754
21110704
21110701
21110702
21111112
2102
100006454
200003342
21111103
21110703
100003847
100003848
21200202
21200201
100003829
21200203
100003828
100003825
100003826
100003830
100003827
200216296
2117
2141
211102
2213
211113
100003743
21110711
21110705
100005187
21110710
211201
211109
21110708
21110707
100003833
100003834
21111113
21111104
213901
100003851
211604
2209
211605
211603
100003859
100003855
100003853
100003857
100003856
82608
82619
82615
82610
82602
82609
100004143
82611
82612
82604
100004149
100004144
100004145
100004147
100004146
82603
100004148
