4401
1901
63710
63712
63704
2204
63705
200215318
63703
632
200217205
200217064
200217778
200218023
200004329
634
200002414
200216773
635
4402
604
100001262
63707
63701
63702
200086023
200218524
200218534
200005281
200005282
200005285
200005289
200005284
200005287
200005288
200217957
200215228
200215227
200215208
200004542
200215198
200215206
200215197
200215222
200215209
200215201
200215211
200215202
200215241
200215238
200215236
200215225
200215229
200215230
200215210
200215224
200215223
200215231
200215246
200215247
200216654
200216593
200216686
200003109
200216605
623
63708
410299
200216676
4408
100001266
200216671
636
200216653
200217795
200217789
200217806
200004368
200217426
200217423
200217431
200218526
200218530
200218528
200218529
200218531
200218523
200218527
200218537
190301
200216597
200002422
200216548
200216680
200216663
200216665
200216674
200216679
200216664
200216678
200188010
190305
200216622
200003715
190304
200002423
200002410
200002405
200002406
200002407
200002413
200186010
200116005
200216583
200215271
200216574
200216618
200216634
200216599
200216641
200216608
200216633
200216609
200216620
200216619
200216594
200216631
200216626
200216600
200216632
200216636
200216637
200004549
200216638
200216625
200216587
200216624
200216628
200216627
200218035
200216669
200216660
200216670
200216662
200216677
190306
200216579
200217121
200217081
200217066
200217062
200217063
200217076
200217072
200218017
200217071
200218041
200218022
200218034
200218020
200218030
200216585
200216601
200216570
200216590
440501
440401
200217779
410207
100007533
200216615
4410
200215704
200217086
518
200217563
200217555
200217561
200217562
200217564
200217554
200217556
200217548
200218007
200218014
200218025
200218046
200218024
100003777
100003773
100003775
100003776
200003417
200217419
200217422
200217420
5092303
5092302
5092102
5090502
200010206
200010207
200010211
200010209
200084026
200084025
200002424
200216681
200084035
440402
190307
100000292
200002411
440503
410205
200217122
1908
200003930
200002415
200002421
200216606
200216556
200216573
440599
200003201
200003127
200217783
200003202
200002337
200217782
200002327
200002338
380210
380220
200216538
200216549
152408
380240
200217796
200217797
200217780
200217754
200217798
200217801
200217799
200217755
200215214
200215207
200215203
200215204
200215216
200215200
200215219
200215215
200215213
200215205
200215226
200215220
200215217
200216999
200216993
200084029
200216998
200216963
52805
200218540
410201
200003903
52801
410101
1507
200218552
1009
52806
100705
200218489
52803
