200002937
1704
1905
100002973
200002934
100005295
200215371
200215377
200215356
1733
100002935
100004965
1736
1737
371002
200003814
200218417
40301
100000928
200216491
200217370
200218104
200216867
200215647
100004867
154101
154104
100004863
100004864
100004865
100004866
154001
154002
154007
100006591
154005
100004859
154006
154010
154009
100005740
200217212
200217193
200217203
200217213
200217214
100005739
154003
200002889
200002893
200002886
200216511
200217383
200215873
100004947
201970008
100004955
200002757
200215764
200215765
200215782
200215812
200002759
200002758
200002760
200217902
200217901
200002762
200218090
200215751
200215771
200215772
200215757
200002765
200002767
200215781
200215776
200215786
200215791
200217905
200217904
200217907
200217916
200217911
200217903
200217906
200218532
200218647
201964055
200002748
100004811
100006639
100006647
200002746
200002747
200215731
100006643
200002738
200002745
200002741
200002733
200002734
200002735
200002729
200002736
200002737
200002739
200002740
200002743
200002744
100005654
100006593
200002668
200002671
200002694
100006644
100005653
100005661
200002669
200002670
200002672
200002673
200002674
200002708
200002709
200002710
200217406
200218062
200218072
200218083
100004990
100006629
100006631
100004989
100004991
100004993
100004994
100004995
200217197
100006640
100004980
100004986
100004982
100004983
100004984
100006606
100004961
200217503
200217504
200217494
200217488
100004985
200215938
201946069
100005002
100004999
100005001
100005003
100005000
100004852
100004849
100004857
15230301
15230306
15230309
100004856
100004855
15230312
15230310
200002882
200002883
200002884
100005005
100005006
100005008
100005007
100004941
100004940
100004939
100004938
100004937
200215737
200217401
200217375
200217385
200217379
200217396
200217402
200217384
200217391
200217926
200217925
200217931
200217936
200217924
200217932
200002802
200002799
100006615
200002793
200002803
200002791
200002806
200002790
200002792
200002801
200002800
200002797
200002798
200002805
200002794
200002804
200002796
200002795
100006616
200002816
200217259
200002817
200002783
200002784
200002786
200002785
200002787
200215736
200002782
200002753
200002755
200002754
200002750
100006648
200002752
200002751
200002778
200002779
200002780
200002777
200002774
200002772
200002773
200002771
200002769
200002770
200002810
200002814
200002812
200002813
200002811
200002809
200002825
200002828
200002829
200002819
200002826
200218418
200002833
200002824
200002827
200002823
200002832
200002831
200002821
200002822
200002830
200002820
200002834
200002840
200002843
200002841
200002837
200002838
200002842
200002844
200002839
200002878
200002880
200002879
200002874
200002877
200002872
200002873
200002876
200002871
200002875
100004832
100004843
100004831
100004846
100004820
200002775
200002788
200002807
100004827
200002835
200002850
200002859
100004841
200002869
200217761
200218068
200218059
200218073
201982036
201950042
200215603
200215366
100004964
200215607
200215357
200215376
200217675
200215604
100005737
200215362
200215361
200218097
200218390
200218411
200218406
200218407
200217762
200218416
200218102
200218101
152805
200002935
152801
152807
362830
152806
152803
1706
200215634
200215676
200217727
200217712
200217728
200218080
200217699
200218077
200218096
200218079
200218086
200218078
200218087
200218091
40601
40606
40602
40605
40508
40607
40608
40609
40604
100000933
100000930
100000929
200217716
40603
200214075
200214068
200214053
200214081
40507
40503
40505
40511
40510
152213
40509
100000932
407
40512
40504
100000931
40502
153802
200214257
100004860
200214056
100000934
3280502
200003017
100003415
32809
32810
100003407
32899
32802
200003019
429
329
35301
32811
3280501
4150601
33801
32812
427
32816
32806
32814
32807
100003418
100003413
100003424
3280505
35302
3280604
100003421
200215605
35303
200215982
100003423
100003416
200003018
33003
100000937
100003427
41506
354
200216236
32815
32803
100000939
32804
33005
200194007
200190013
200190012
200216291
200188007
200215824
200215831
200215823
200215836
200215837
200215766
200190007
200215777
200215778
200215792
200215779
200215796
200215608
201952012
200215806
200215801
200215797
200215783
200215811
200215807
200215802
200215803
200215805
200215808
200215821
200215785
200215798
200215816
200215784
200215826
200216102
200216107
200216089
200216106
200216111
200216097
200216094
200216092
200216054
200216055
200216093
200216117
200216126
200216121
200216116
200216098
200216118
200216253
200216243
200217731
200217695
200217726
200218558
200218550
100002997
200215620
200215625
200215631
200217207
200215721
200216823
200216828
200216833
200218003
200216834
200216835
200215614
200215624
200215613
200215622
200215636
200215718
200215627
200215610
200215618
200215593
200215617
200215621
200215611
200215612
200216818
200215616
200216827
200216822
100002993
200217362
200217363
200217361
200217356
201858004
201856008
201864003
201876002
201872004
201850007
201868006
201838005
201872003
201876007
201870002
201854007
200218650
200218651
200218649
201952043
100003814
200215654
200215653
200215628
100006645
200215640
100005741
100005009
200215657
100004868
200215656
200218060
201982037
200216386
200215658
200217204
200216261
200216257
200216254
200216255
200216262
200214181
200214171
200214191
403
200214172
200214176
200214186
200217211
200217217
200217192
200217216
200217218
200217215
200217194
100005738
200217195
151412
151401
151402
151403
151405
151407
151408
100001678
151409
151410
151601
151606
151607
100006642
151603
151602
151604
100005756
151406
100005758
82104
100004933
100001683
82105
100004934
200036016
200038004
200036019
200036014
200036020
200036013
200038003
200158004
200036012
200036009
200036011
200036017
200216021
200036010
200036015
200215859
200215881
200215876
200215886
200215887
200215888
200215882
200218058
200218066
200218076
200218081
200036021
200215900
200218071
200217694
200218082
200002894
200216026
200218057
200215877
200215896
200215899
200215897
200215889
200215898
200215891
200215901
200215916
200215890
200215911
200002085
200002080
200216016
200002074
200002075
200002072
200002078
200002073
200002081
200002077
200002076
200038001
200038002
200036002
200036003
200036006
200036001
200036004
200036007
200002908
200036005
200215951
200218136
200002909
200215946
200002922
200002926
200002924
200002923
200002925
200002927
200215861
200215828
200215866
200215851
200034001
200002070
200002067
200215928
200215936
200215932
200215931
200215927
200215926
200002065
200215937
200002901
200002898
200002899
200217298
201972039
100001713
200002725
200002712
200002716
200002722
200002715
200002720
200215787
200002719
200002713
200002714
200002724
200002721
200002711
200002717
200002718
200002727
200002723
100002403
100002407
100002404
1250317
100002401
100002405
100002402
100002400
121
12501
100001743
100001745
100001740
100001730
100001742
200217674
100001741
200217627
200217628
200217626
200218070
200217631
200217595
200217605
200217621
200217632
200217610
200218074
11507
11503
11502
100003953
11504
11505
11506
200217604
200217609
200217608
200217600
200217617
200217618
200217306
200217301
200217296
200217297
200217927
62604
100005735
100005734
153801
145
100001725
100001726
100001723
200217748
200217758
200217767
200217771
200218088
200218075
200218089
200218099
200218533
200218093
200218103
200215322
152606
200215320
152605
152601
200215326
152607
100005164
100005165
200215315
100005166
200215307
200215306
200215316
200215291
200215278
200215302
200215301
200215317
200215284
200215282
200216479
200215311
200215279
200215292
200215283
200215296
200215331
200215303
200215822
200217085
200217084
200217067
200217077
200217083
100002607
100002637
200217972
12507
200218400
100002635
100002636
100002634
100002630
200218092
100002633
