39050508
39050501
200002283
200216091
200217706
200217736
201976010
39050510
200002274
39050509
39050506
200002279
39050502
39050504
39050505
200002278
200002280
39050503
39050507
390402
15040204
390406
15040202
390405
150408
390404
390407
390403
390401
39050101
200002296
200003222
39050102
200002294
200003076
200002293
200002300
200002295
200002289
39050207
200003207
39050202
39050206
39050205
39050210
200217700
39050209
39050208
200217980
200002305
200217500
200003581
200003582
200003580
200003578
200003579
200003583
200003585
200003584
200003586
150410
39050301
39050302
39050303
200003211
200003213
390504
200003216
200003219
200218084
200218069
150411
200003217
150405
200003214
200003212
200003079
200002277
53003
200003220
200003078
200002276
390201
390202
200217760
200003075
53002
200003204
150413
200003205
200216876
200003203
200218639
390303
200216860
100006581
100006482
100006494
100006499
1302
200217048
100006575
911
15380315
1466
1455
200218094
141909
540
141907
141914
4103
526
200216241
1303
200217721
201964010
200218012
200217730
200217719
200217732
200218642
100006510
100006491
130181
130110
100006500
100006492
100007161
100006495
200217053
200217299
200003313
200217049
200217050
200217030
200217038
200217056
130109
130105
130115
100006485
100006481
100006486
130112
100006488
130122
130102
130123
130114
100006522
130113
100006493
130124
130184
100006517
100006516
130108
100006519
100007138
100006518
100007137
100006523
100006515
100006505
100006504
130107
100006507
100006508
130120
100006484
200217045
200217044
200217043
100006572
100006573
200217037
200217047
200003262
200003259
200003261
200003258
200003260
200003263
200003264
200217709
1336
15380306
15380313
200217418
15380314
15380307
15380308
15380312
200003316
15380303
15380301
15380311
200218551
200217409
200003287
200003289
200217417
200217400
200218539
200218545
200217421
371104
371105
371107
371101
200217412
200217390
200217388
200217387
200217389
200003317
371103
200217398
100001192
200217399
371102
200217710
200003323
200003324
200003320
200003290
200003322
200217747
4106
100004742
100004739
4101
200217999
3010
200003265
4202
4201
145906
145904
145902
145907
145905
4203
200003269
200003272
200003267
145903
200003338
200003270
200003268
145901
200003275
200003274
201954010
146904
146903
200218002
200217292
146901
146910
146902
146909
100003879
100003878
146911
201960008
14190101
14190103
14190102
14190104
201966009
410612
200215992
200217717
200217729
200217722
14191102
14191104
14191107
14191101
14191105
100006833
100006835
100006839
100006838
1004
100006834
410405
410401
410403
410402
14190402
14190409
14190410
14190408
200217704
200217705
14191205
14191206
14191204
14191201
14191203
14191209
14191208
14191207
200217286
200215726
200217287
200217970
100704
200217288
200217965
200217969
15380309
1305
15380304
15380305
1357
100006534
1356
15380310
200218095
200003343
200217977
100006537
1335
100006540
1364
1363
100004945
200217253
200217256
200217255
200217254
200217276
200217262
200217265
200217271
200217268
200217258
100004790
100004793
100004792
100004791
100004794
131006
130182
200217317
130117
200217318
4104
200216428
200217321
611
64302
64316
640
200216235
612
638
64311
100000048
100001605
64301
100000030
200215952
100000031
100000033
100005833
64317
200215101
64312
64315
200217380
200217606
200217711
200217986
200217987
200218421
200218543
200218641
200218645
100001684
614
100001681
648
200002486
66010102
3314
200010466
200002487
200217575
200002483
200217584
200217930
200217574
200217933
200217598
200216778
200002480
200217599
200217593
200217983
601
603
615
642
616
200218629
200218644
200218638
200218637
200217033
200217041
200217034
200217028
200217397
200217407
200217929
100000208
100000274
100000041
606
64304
100000040
64310
100000039
64305
64313
605
639
64318
100000038
64314
647
100000042
64303
100000043
100000036
100000045
100000047
100000046
100000034
100000037
618
625
613
624
200217611
608
646
645
200218100
200218546
200218542
100000052
610
200217981
100000053
100000056
100004946
100002855
62602
100000058
64904
609
100000049
151404
64903
200217979
200217974
60702
60703
60704
100701
60203
60202
60201
60204
100000206
100000205
100000204
100000201
100000200
100000203
100000207
100000202
100000220
100000241
100000240
100000232
100000216
100000239
100000217
100000238
100000222
100000229
100000248
100000243
100000237
100000230
100000249
100000226
100000224
100000256
100000242
100000246
100000215
100000236
100000233
100000219
100000225
100000235
100000231
100000228
100000221
100000245
100000227
100000247
100000223
100000218
100000255
100000257
100000250
100000254
100000244
100000272
100000271
100000273
100000267
100000269
100000270
100000268
100000263
100000266
100000265
100000264
100000262
100000259
100000260
100000258
100000261
100000209
100000210
100000211
