100003084
100003086
100003088
200003491
200216733
200000709
200010062
200000717
100003071
200003467
200000664
200118006
200003470
200003478
200003498
100003083
200216306
100003085
200216316
200216311
200118009
200216321
200216326
200216331
200216332
200216336
200217786
200217997
200000669
200000670
200000671
200212006
200000720
200000721
200001920
200003066
100003091
200000722
200000613
200000600
200000601
200000605
200000607
200000609
200000611
200001910
200000644
201934007
200000702
200000704
200000705
200000693
200000694
200000695
200000696
200000700
200217505
200001988
200000675
200000676
200000677
200000678
200001918
200002038
200000621
200102011
200217649
200000626
200003468
200000627
200000628
200000629
200003469
200000632
200000634
200000635
200116006
200118007
