3019
200215427
200003251
3012
300912
200216754
301102
301106
301103
301108
15010508
301104
301101
301107
301105
200217827
200217835
200215434
200215433
200216739
200215425
200217843
200217825
200217837
200217851
200217852
200217856
200217844
200217853
200217838
303006
303002
303007
303005
200216753
200215431
303001
303004
200217848
300701
300706
300709
300705
300710
300506
300702
300704
300707
200003256
301505
3029
200215428
303008
200217854
200217857
200215420
200215435
200215437
200215436
200216730
300908
200003252
200003255
300906
300905
300907
300901
200003254
300910
200216759
301503
301501
301508
301506
301509
301510
