200002555
200002556
200002549
200002548
200002557
200002558
66010313
66010312
200002503
200002507
200002564
16080702
100001102
200002565
200002566
200002567
200002568
200002462
200002463
200002460
200002466
200002461
200002459
200002464
200002465
66030202
100001042
330609
660303
66030203
100001044
66030201
100001045
200003552
200003554
200002514
200003555
200003556
200003588
200002515
200003557
200003589
200002516
200002620
200002450
200002451
200002455
330503
330504
330501
330507
100000998
330505
151306
151301
151304
151305
151302
200002593
200002592
200002572
200002571
200002573
200002553
200002552
200002551
200002554
200002560
200002562
200002561
200002519
200002520
200002521
200002513
200004638
200004637
200002522
200002518
200002526
200002525
200004639
200002527
200004640
200002524
200002533
200002531
200002530
200002532
200002512
200002510
200002511
200004636
200002499
200002498
200002506
200218442
200002500
200218441
200218425
200218365
200218438
200218437
200218424
200218428
200218429
200218342
200218344
200218346
200218349
200218348
200218338
200002667
200002452
200002505
200218415
200002666
200002453
200002504
200218332
200218334
200218427
200218434
200218436
200218340
200218423
200218435
200002604
201978029
200002600
200002601
200002623
201972021
200002602
200002603
201964023
200002610
200002609
200002611
200002598
200002597
200002608
200002607
200002595
200002606
200002618
200002616
200002617
200002619
200002615
200216775
200216793
200002473
200002468
200002472
200002471
200002469
200002470
200003059
200003062
200003060
200003057
200003056
200003048
200003052
200003050
200003054
200003055
200218382
200218403
200218350
200003047
200218387
200003071
200003049
200003053
200218397
200002449
200002447
200002448
200002537
200002538
200002539
200002540
200002542
200002541
200003587
200002543
200002544
66010409
200002546
200004641
200002588
200002587
200002586
200002590
200002584
200002589
200002583
200002591
200002581
200002580
200002582
100001067
200002585
200002578
201924010
200002579
205154003
200002479
200002481
200002485
200002488
200002482
200002476
200002484
200002478
200002475
200002575
201982012
201952016
