200216129
200215713
200216543
200216545
200216544
200216542
200216085
200216086
200216087
205356001
205366001
205394001
200000269
200000224
200000253
200000259
200000387
200216237
200004782
200000391
200003764
200216245
200000186
200004783
200000180
200004822
200216280
200000590
200000166
200000597
100005058
200000272
200004780
200000271
200004820
200000263
200000279
200000278
200000268
200000364
200216883
200000265
200216882
200216896
200216901
200216886
200001919
200216887
200004784
200216881
200216891
200216903
200216902
200217143
200217661
200000505
200000349
200000178
340802
200217373
200216019
200217376
200217377
200217900
200217372
200217368
200217899
200217898
200217371
200217367
200217386
200217897
200217896
200217374
200217381
200217366
200217369
200000451
200000478
200000479
200000496
200000430
200214312
200000177
200215707
200000227
200003660
200000213
200216271
100003150
200217091
200000330
200000353
200000352
200000407
200000406
200215383
200215392
200215382
200215385
200215384
200215393
200215395
200000179
200000183
200000365
301502
200000172
200000171
301507
200216018
200217070
200217133
200217127
200217089
200000316
200000261
200000264
200000270
200000260
200000262
200215559
200215575
200215569
200216213
200000273
200216212
200215574
200000214
200000216
200000212
200000228
200215592
200000209
200000222
200000223
200215503
200000229
200215502
200215471
200000231
200216202
200214491
200000230
200216203
200000221
200000218
200000219
200215504
200215506
200215501
200215480
200215496
200000225
200215490
200215479
200216204
200214456
200215406
200216210
200217196
200215996
200216211
200216931
200216141
200216143
200216137
200216148
200216136
200216139
200216145
200216147
200216150
200216142
200216140
200216146
200216138
200216149
200216144
200216080
200216075
200216076
200216074
200000201
200216083
200000200
200217022
200216079
200216071
200000266
200216072
200216078
200216073
200216077
200216081
200216082
200216088
200216052
200000320
200217201
200000290
200215417
200216208
200215416
200215582
200215576
200000274
200215538
200216218
200215536
200215412
200215537
200215535
200215526
200215532
200215527
200215541
200215533
200215534
200215539
200215542
200001324
200216205
200215572
200001325
200000381
200215573
200215991
200216195
200216196
200216188
200216201
200216194
200216189
200216190
200216191
200216197
200000246
200216198
200216199
200216187
200216200
200216192
200216193
200217026
200215546
200215551
200216127
200216128
200215396
200000210
200215540
200000217
200216162
200215989
200216160
200216166
200216163
200216153
200216155
200216158
200216159
200216156
200216164
200216165
200216154
200216152
200216157
200216161
200003906
200215505
200215512
200000220
200215507
200215514
200000182
200215516
200215513
200215508
200215521
200215515
200000194
200215423
200215413
200215408
200215421
200215414
200215422
200000195
200215426
200000196
200000197
200215483
200215472
200215475
200215478
200215484
200215477
200215486
200216207
200215491
200215481
200215489
200215482
200215473
200215488
200216206
200216224
200216221
200216227
200216220
200216239
200216228
200216222
200216229
200216226
200216225
200216223
200216109
200216172
200216173
200216177
200000254
200216181
200216110
200216171
200216174
200216175
200216176
200216178
200216179
200216180
200215529
200215557
200215561
200215563
200215566
200215568
200215571
200215567
200216214
200216217
200215690
200216215
200216216
200215688
200215697
200215689
200215702
200215565
200215581
200215577
200216113
200216114
200216115
200216131
200216132
200216133
200216134
200215692
200215687
200215706
200215699
200215698
200215686
200216186
200000244
200001915
200000240
200000241
200001913
200000243
200000242
200000239
12020302
200215580
200000580
200217142
100006171
200216244
200217132
200000379
100006144
200000380
200214481
200214476
200000185
200217016
200000385
200004829
200216267
200000168
200004775
200003014
200003571
200003015
200003350
200004786
200000404
200004785
200003807
200003808
200000579
200000577
200216238
200000382
200000578
200000383
200000384
200000267
200000184
100003147
200216263
200217011
200217001
200217006
200000395
200000396
200000397
200000390
200000389
200000388
200000399
200000398
200004795
200000277
200004796
200004798
200000280
200004818
200216278
200216279
200003004
200003002
200000506
200000513
200003003
200000503
200000510
200000512
200000504
200000511
200000509
200000508
200000507
200000514
200000515
200216066
200216061
200216056
200216057
200216065
200216062
200216060
200216067
200216064
200000493
200000492
200000494
200000495
200004781
200214098
200000491
200214096
200214097
200216926
200214107
200214101
200214106
200217031
301504
200000170
200217036
200217032
200000412
200217202
200000415
200000416
200004787
200000411
200000414
200001636
200000417
200000460
200000463
200000468
200000462
200000461
200000470
200004789
200000466
200004788
200216281
200000464
200000469
200004792
200004791
200004790
200000467
200000465
200000429
200000427
200000428
200000445
200000444
200000447
200000446
200000443
200000448
200000449
200000450
100006154
200000474
200000477
200000476
200000475
200000433
200000437
200000434
200000436
200000438
200000435
100003026
100003027
100003023
100003024
200000501
200000500
200000502
200216284
200216285
200001119
200217653
200217656
200217650
200217657
200000421
200000423
200000424
200000420
200000422
200000289
200000283
200000285
200216273
200216274
200000288
200000286
200000287
200000360
200217107
200217088
200217073
200217117
200217090
200217065
200217079
200000358
200000357
200000359
200000350
200000348
200217096
200000329
200000345
200217069
200217097
200217068
200217087
200004838
200217101
200217074
200000327
200000340
200000342
200000339
200000341
200000336
200000338
200000337
200000344
200000343
200000334
200000335
100003438
100003435
100003437
100003436
100003434
200214486
100003431
200215591
200215578
200215583
200215586
200215584
200216287
200215587
100006162
1231
123003
123002
100006164
123004
123007
123005
123008
123006
123001
100006161
200000368
200000367
100006841
142906
142903
28290307
200000363
122704
100003404
100003408
100003409
200000190
200000189
200217191
