100003257
200000756
200000797
200000795
200000757
200000796
200000808
200003489
200003490
200000540
200000541
200000548
200000563
200000549
200003487
200003488
100005782
100003232
100003207
100003227
100005783
100003206
200000858
200000864
100003226
100003228
100003196
100003191
100003198
100003190
200000841
100003192
100003188
200000847
100003193
200001665
100003195
200166001
200002106
200002122
200002102
200002138
200004409
200002105
200218408
200002442
200003618
200003612
200002429
200002430
200002431
200002432
200002439
200002440
200002441
200216701
200217338
200003604
200003607
100002966
200003611
200003606
200003608
200217566
200217550
200217565
200217551
200217540
200003652
200003653
200003655
200003654
200003684
200003625
200217522
200217526
200217531
205130009
200003627
200003630
200003626
200003628
200003629
200003632
200003631
200217546
200217525
200217544
200003643
200003634
200003633
200216702
200217571
200217576
200217535
200217596
200217590
100002965
100002967
200003645
200003646
200003659
200217597
200217601
200218588
200218590
200218587
200218592
200000745
200000753
200000754
200000787
200003464
200000789
200000833
200000835
200000569
200000570
200003463
200000571
200000572
200218392
200218388
200218399
200218402
200000810
200000816
200000811
200000812
200000813
200000814
200000815
200000817
200000818
200000819
200000536
200000537
200000538
200000545
200003462
200000546
200000551
200000552
200000553
200000554
200000555
200000556
200000539
200001638
200000530
200000531
200000532
200000533
200218393
200218395
200003480
200003481
200003430
200000878
200003431
100003233
200003432
200003433
200001655
200001653
200001654
200001762
200001009
200001011
200001990
200003428
200001758
200003427
200001909
200002043
200003429
200001756
200001752
200000887
200000905
200000888
200000899
200000900
200000903
200001059
100003203
200001061
200001062
200001064
200001065
200000919
200003423
100003197
200003424
200003425
100003187
200001265
200001759
200001991
200001941
200003421
200003422
200001908
200001757
200003419
200002042
200001748
200001701
200000891
200000893
200000896
200000901
200000902
200000927
100003194
200002137
200002151
200002121
200004413
200002135
200004411
200002115
200002139
200002152
200002123
200002134
200004410
200004412
200002114
100002623
200002434
200002435
200002437
200003624
200216646
200216651
200216656
200003616
200003613
200003615
200003614
200003617
100001633
200003619
200003620
200002427
200003622
200003623
200003621
200217553
200217539
150106
200217549
200003609
200003610
200000366
200217542
200217533
200217519
200217524
200217537
200217520
200217543
200217541
200217515
200003644
200216711
200003638
200217579
200003648
200003647
200003650
200003649
100006590
200003639
200003635
200003636
200216657
200216647
200003637
200216707
200216652
200003641
100006592
200001647
200000933
200000924
200000937
200000938
200001285
200001286
200001295
200003492
200001363
200003493
200001282
200001283
200001284
200000935
200001380
200001385
200001389
200001390
200001391
200001394
200001402
200001411
200001916
200003496
200086043
200001917
200218614
200216661
200003642
200003640
200217602
200216706
200217578
200217591
200217583
200217587
200217586
200217589
200217588
200217577
200218604
200218606
