1428
4204
142001
200216862
200218021
153709
153702
153713
153705
153710
620
153711
200216496
100006802
100006803
100006993
100006991
100007158
100006988
100006994
100006804
100006990
100006807
100006805
200216246
100006806
200218544
200218422
200218635
200218628
14200306
14200307
14200310
14200311
301003
14200309
100006878
14200303
14200301
14200305
14200302
14200308
14200304
200216848
200216871
200217046
200217702
141705
14200514
141711
100006885
100006882
141701
14200512
141710
141704
100006877
141707
141708
141709
141712
141714
100006905
141715
141716
200217029
200218538
201986009
100006879
100006906
100006881
100006887
100006886
100006884
100006888
142703
142707
142708
142705
142709
200216011
142706
200215829
142702
142701
200218525
144003
200215814
144007
144004
144001
144011
144006
144005
200215830
144012
144002
201962037
100006944
4338
143101
100006943
143103
143102
100006942
100006940
100006926
100006927
100006928
100006929
100005632
100006920
100006921
100006923
14201603
1354
14201601
133001
14201605
14201604
14200605
14200602
14200604
200215832
14200601
14200603
200216001
15370106
15370104
15370105
15370102
15370103
15370101
15370306
15370310
52802
15370302
15370301
15370304
15370309
15370305
15370308
200215817
200215799
15370307
200215818
200215819
200215800
50505
50502
50503
200216417
50504
200216506
15370402
15370401
15370405
15370404
1911
100005627
190405
190402
190404
190403
190401
15370708
15370707
200217966
15370709
15370711
200217962
15370605
15370604
15370601
15370602
200215825
200215839
15370603
200215788
200215809
200216501
200215833
15370801
15370804
15370805
15370803
15370802
100006981
100006982
100006983
100006987
142601
100006986
100006978
100006980
100006979
100006977
100006985
100005637
1250314
100005634
1250307
1250303
1250315
1250313
200217502
200217507
200217487
1250310
200217508
200210006
200217497
200217498
1250302
100002415
100006909
1250306
200217512
200217492
1250304
1250309
200217499
200217496
