70803003
100005089
708022
702
200216551
2107
2118
200004732
200004731
200084032
200086030
200164002
200172001
200164005
200164006
200162001
200164004
200166003
200164003
200192008
200168003
200084034
200168004
200216787
200216621
200216617
200216603
200216602
200216604
708042
708045
708041
711002
708044
711001
200002347
708043
70901
711004
200002344
200216729
100005075
720
200004402
200002364
200004396
200002624
200003724
200002368
200004397
200002367
200002365
200003901
708032
7171
70811
100005077
200002372
711005
7172
100005073
200004401
200004398
711006
70803001
200004392
70803005
70803004
200003016
200004393
70803
200002349
200004394
200216763
100005079
200002351
70803002
100005076
5092205
100005078
200002352
4406
200216567
200215310
200215305
200215312
200216616
200216666
14190401
200218535
200218541
200214206
200216740
703
200216696
200216675
200215467
200215466
380110
100005090
100005069
100005067
14191109
721
708021
200002360
708031
200004116
200002359
200003494
200002371
200216761
200138006
200042003
200138005
200140003
200138007
200004741
200004738
200004734
200004739
200004743
200004742
200004735
200004744
200004740
200004737
200004736
50907
200002261
5091005
200002266
200002269
5092203
5091003
50916
5091006
200190016
200168002
200084033
70805
70802
708023
708024
200002373
200217959
7080401
100005084
200002370
200216745
200216562
200004727
200216577
200216571
200216566
