200003482
200001648
100003141
200215341
200001092
200215336
200000877
200000879
200000881
200000882
200217993
200000926
200003455
200003456
200003457
200003458
100003140
200003459
200216301
200217246
200000743
200003450
200000732
200000729
200000731
200001996
200001911
200003453
200003454
201910020
100005798
100003142
200001089
100003163
100003161
100003127
200000792
100003128
200116007
100005805
100005813
200001057
100005806
200010076
200001060
200001921
200000885
200000886
200000883
200000884
200118011
200000897
200000906
200000907
200000890
200003461
200000904
200001001
200001989
200001003
200001002
200001000
200001007
200001994
200000747
200000750
200100009
200217648
200001010
32702
200001013
200001014
200001015
200001016
200003418
200001019
200001020
200001021
200001022
200001073
200001074
200003497
200001079
200001080
200001063
200001066
200001067
200001069
200214296
200001031
200001032
200001033
200001034
200001035
200001036
200001037
200001083
200001084
200001086
