200218142
200218146
200218151
200218153
200218152
201846012
200218154
200218147
200218155
200218156
200218582
200218583
201864011
200004949
200217462
200217466
200217850
201840007
200217680
201962046
201984046
201964065
201970060
201984047
201950049
201948050
201964067
201972044
201978064
200217476
200217453
200217612
200216474
200004945
200216480
200004944
200217461
200004941
200217821
200217822
200217698
200217685
200217697
200217846
200217823
200218011
200217842
200217836
200217841
200217831
200217676
200217677
200217678
200217679
201866012
200217681
200217667
200217687
200217686
200217682
200217683
200217668
200217684
200217688
200217669
200217691
200217692
200217670
200217693
200004948
200217449
200004947
200004935
200004936
200002999
200002957
200003020
200002960
200003000
200002959
200002997
200002998
200002958
200002996
200216450
200216469
200216486
